,DMA Code,DMA Name,KPI Tier,universe,Median Household Income,2022_gdp,Median Housing Value,AUDIENCE_F18-34,AUDIENCE_F35+,AUDIENCE_M18+,Score,Overall Rank,Tier Rank
0,803,Los Angeles,Tier 1,1.0,0.9893345330009607,1.0,0.9293742359236771,1.0,0.9999999999999999,1.0,0.9964475360047766,1,1
1,501,New York,Tier 1,0.8525802847414307,0.9905916563946584,0.20003058460934708,0.906939226996441,0.815119274408622,0.9100996775608615,0.8396580869892079,0.7276240926354456,2,2
2,602,Chicago,Tier 1,0.5083143050460966,0.9868731912427918,0.444696539599064,0.8380773065070951,0.48526860094432,0.5181118404180968,0.5022513338324096,0.5265479503152076,3,3
3,625,Waco-Temple-Bryan,Tier 2,0.5909416531493243,0.9843446505404879,0.017660676979136283,0.8311868545816994,0.608105861533576,0.5440130733832124,0.5712487712270202,0.49110443256388053,4,1
4,567,Greenvll-Spart-Ashevll-And,Tier 1,0.5086263286654413,0.9817688482058189,0.021214405068634132,0.8290267561259648,0.47338479564454033,0.5414573131274966,0.5000432908203399,0.4401824620168945,5,4
5,538,"Rochester, Ny",Tier 2,0.44332785679007375,0.9870872068035207,0.005897529757058856,0.9174044953704747,0.4573720374688453,0.47042522552837723,0.44176328790612857,0.40392435524741727,6,2
6,524,Atlanta,Tier 1,0.4077915791451123,0.9851103382101755,0.08145306337974945,0.8362813144289055,0.39516796705067064,0.41409487226583863,0.3906231027270049,0.3797961347474566,7,5
7,618,Houston,Tier 1,0.29456210296048574,0.9857069658303212,0.42174075927552174,0.8317788923182493,0.28843272673818027,0.27225760083973316,0.2812663726410462,0.36647258975845187,8,6
8,807,San Francisco-Oak-San Jose,Tier 1,0.29758186513905477,1.0,0.3064535549590941,1.0,0.2834566134755244,0.3105602383668517,0.30792728831580757,0.3612712330692391,9,7
9,613,Minneapolis-St. Paul,Tier 1,0.36954479207480895,0.9874641280567368,0.08129846229013607,0.8405102343792854,0.34028438440839964,0.3730330033646962,0.36952410717962414,0.3519981548564879,10,8
10,623,Dallas-Ft. Worth,Tier 1,0.3262266774893753,0.9867319170852816,0.23099893948892136,0.8363549008136983,0.31987123693048536,0.31050493148204694,0.31054374326220613,0.35045784631822574,11,9
11,511,"Washington, Dc (Hagrstwn)",Tier 1,0.3537523008730116,0.9960865539320953,0.10361155054781959,0.882003828985792,0.32839593349741186,0.3655592966943657,0.3489485082088898,0.3491674602296566,12,10
12,505,Detroit,Tier 1,0.3477888347829314,0.9845435656868583,0.12303949634420173,0.8281868241818514,0.3134675937094442,0.372883820320157,0.34681004727146403,0.3474919523993951,13,11
13,641,San Antonio,Tier 1,0.35013696310904996,0.9293575228629964,0.13071593017395222,0.8232031496456658,0.324492956423835,0.33567393040123394,0.3361175314096019,0.34057712885220337,14,12
14,504,Philadelphia,Tier 1,0.3262717341818984,0.9873348538101462,0.08078490530377017,0.8422946407890459,0.30833386149508374,0.34790854104222035,0.3211829375038935,0.3260187459377423,15,13
15,514,Buffalo,Tier 2,0.32107969328198693,0.9830078226897181,0.06337641435199638,0.8268282637874804,0.3079718356502213,0.34556149150442583,0.3226743590582874,0.32027660824568455,16,3
16,753,Phoenix (Prescott),Tier 1,0.2276495814927989,0.984151050032462,0.3716495157949978,0.84593716469844,0.21088619347576998,0.2292669771032408,0.22694505127850464,0.3136794200624649,17,14
17,506,Boston (Manchester),Tier 1,0.26572385202916354,0.9922014605085174,0.14003307659341474,0.8863153074475623,0.26479519325244877,0.28414698008399075,0.2701334518727503,0.30152443289265485,18,15
18,640,Memphis,Tier 2,0.288225332936631,0.9790247444551613,0.06262584756525974,0.8162847662134075,0.2662801296921917,0.2997126661789958,0.27960316044105954,0.29075354512312795,19,4
19,819,Seattle-Tacoma,Tier 1,0.21658539261225251,0.9908519474225349,0.26857364639418435,0.8917398840908234,0.20889223077936434,0.2193574387905607,0.22374659876695074,0.28985757699485026,20,16
20,520,Augusta-Aiken,Tier 3,0.28303112353280135,0.9811699873006899,0.010219791722888316,0.8243675763868857,0.26171946680329183,0.30074937918021805,0.2762661773044179,0.2782202156908406,21,1
21,571,Ft. Myers-Naples,Tier 2,0.26354900322910313,0.9820700297088977,0.044388947777493463,0.8482524895764824,0.22637034746185372,0.29720173360885865,0.26872291024123546,0.2744040836448115,22,5
22,528,Miami-Ft. Lauderdale,Tier 1,0.1892602755260921,0.9816481620300259,0.2501379710777951,0.8553362806455485,0.17003434765829673,0.20770136727351904,0.19016506473033515,0.26458788171920916,23,17
23,825,San Diego,Tier 1,0.13308124609142227,0.9898749724869443,0.409845782306232,0.9243654561099847,0.13696688707879653,0.12839740732967592,0.1375695688762231,0.2617850521999998,24,18
24,717,Quincy-Hannibal-Keokuk,Tier 5,0.2527664387555663,0.9845551252621982,0.002230503884645937,0.8385118990300441,0.2552258978224361,0.2597077409553595,0.2501147206739008,0.25889724957791027,25,1
25,577,Wilkes Barre-Scranton-Hztn,Tier 2,0.2409775679915329,0.9853341342074964,0.011750118450249737,0.831569405273767,0.20132618926817356,0.264943556413168,0.24679199183176131,0.24896458959503445,26,6
26,507,Savannah,Tier 2,0.22774692322423926,0.9836723196085894,0.014086308909086935,0.8342018275336968,0.22546047132380342,0.22811426518836217,0.21932555013657726,0.24050892133904334,27,7
27,539,Tampa-St. Pete (Sarasota),Tier 1,0.1987726589082683,0.9815088980922828,0.08457002603389824,0.8333691381882522,0.16304303461942657,0.2311699705738264,0.20184218278651397,0.23596597115745385,28,19
28,609,St. Louis,Tier 1,0.2133269745302388,0.982864689159195,0.006961460320790333,0.8222976436629456,0.19280779745931523,0.22463298787876848,0.21074214192420307,0.2278330790675066,29,20
29,659,Nashville,Tier 1,0.1931996439959086,0.9825061102698559,0.042530728268345,0.8320293709674002,0.1894934856916834,0.19467077412464484,0.18754354159033582,0.22217781327500072,30,21
30,751,Denver,Tier 1,0.18317047400403527,0.989144171186996,0.06001574879151544,0.8778474546947198,0.1836486431331064,0.1778344851234668,0.188028398778143,0.22206580235379722,31,22
31,534,Orlando-Daytona Bch-Melbrn,Tier 1,0.17241148197123912,0.9821272187254143,0.07863626729165742,0.8377249134963292,0.1538729299239414,0.1914472560071282,0.1748912186154751,0.21691116581316747,32,23
32,512,Baltimore,Tier 1,0.1762836669770706,0.9905931053823344,0.060689229880109254,0.8526362237108374,0.16545543415393632,0.18989167709977683,0.1720087890924027,0.21635718906275794,33,24
33,658,Green Bay-Appleton,Tier 3,0.19206796605295462,0.9838951535750149,0.015006537186569475,0.8287765236838176,0.17383014384471449,0.199621176947974,0.19411213167166977,0.21520749504099754,34,2
34,862,Sacramnto-Stkton-Modesto,Tier 1,0.15628777187467285,0.9861068157145364,0.08335097796291646,0.8726070505493543,0.14929003446711686,0.15457299155231,0.15182217398052758,0.20545216677861677,35,25
35,575,Chattanooga,Tier 2,0.16755555917865264,0.9823884560211059,0.019561483862437248,0.8326305093707822,0.1623256195171418,0.1743690721571461,0.16544178282156896,0.20054546891065297,36,8
36,540,Traverse City-Cadillac,Tier 3,0.1731609008623859,0.9804450748097825,0.001179537461829903,0.8180834871942123,0.15926548904846932,0.18294091157971892,0.17313065486340692,0.19925831811125,37,3
37,510,Cleveland-Akron (Canton),Tier 1,0.15267922072482565,0.9817575749446799,0.06833186060556562,0.8191871729925448,0.13424887269266594,0.16757418472557742,0.15138356405932743,0.19869989385187412,38,26
38,630,Birmingham (Ann And Tusc),Tier 1,0.15967485452250127,0.9805268631478172,0.03359023790795729,0.819278408056934,0.1457076045669013,0.1721375848997068,0.15527203001215312,0.19631743769039864,39,27
39,678,Wichita-Hutchinson Plus,Tier 2,0.1636438592125335,0.9829602192420371,0.023998544156857027,0.8202209167116484,0.1493776374213274,0.1609329922159926,0.16068897868507828,0.19465626531035787,40,9
40,561,Jacksonville,Tier 1,0.13710655156836846,0.9818966631282939,0.07056147811208792,0.8303396654518082,0.11381448813494305,0.15189861258313134,0.13966389429437548,0.18831257138721202,41,28
41,820,"Portland, Or",Tier 1,0.13767678778390183,0.9867159840018132,0.05517409568423319,0.8683246854984199,0.1281744042086583,0.14276540827978998,0.13912898869476065,0.18797201642225547,42,29
42,517,Charlotte,Tier 1,0.1326649736540829,0.9834038229216348,0.07550216149300912,0.8321857397617182,0.12329916707509331,0.13848072569618997,0.1290455007639246,0.18631484845540122,43,30
43,839,Las Vegas,Tier 1,0.09114025196650176,0.9828329329977845,0.21167524704270874,0.8505009190772607,0.08544739060995879,0.0907190098786829,0.09138290941765399,0.18600447597031314,44,31
44,770,Salt Lake City,Tier 1,0.13342921065533755,0.9873551246405546,0.07673635896761617,0.8563610972061293,0.13881517668089,0.10980774453575255,0.12416778677264823,0.18478641397926682,45,32
45,560,Raleigh-Durham (Fayetvlle),Tier 1,0.1306536862699287,0.9840858244543921,0.062342790498671814,0.835506103903548,0.12797597024419655,0.1334050091154479,0.1264010651653551,0.18290769208170057,46,33
46,544,Norfolk-Portsmth-Newpt Nws,Tier 2,0.14141143342084586,0.9862542613527981,0.003250648743677266,0.8457083924925424,0.13677940348361112,0.14697469884673503,0.14138898069123826,0.17961444413148875,47,10
47,650,Oklahoma City,Tier 2,0.13420991222337872,0.9818230114233478,0.03925122604831826,0.8196027976241564,0.13442938787103917,0.12872575557209587,0.13082338084412876,0.1789943999611607,48,11
48,556,Richmond-Petersburg,Tier 2,0.1323208240507645,0.9902901187569186,0.023773849484174714,0.8568735150060091,0.12260829832256934,0.13941439323835492,0.13269364987018034,0.17750773780152007,49,12
49,691,Huntsville-Decatur (Flor),Tier 2,0.1352268200885866,0.9807600856788548,0.021409408646701277,0.8205994905069699,0.12983952399740245,0.14202473265670698,0.13133009461683928,0.1771795542759865,50,13
50,624,Sioux City,Tier 5,0.14191444601491424,0.9833529866944644,0.0034778513694011877,0.8202487021275696,0.12842858550761765,0.14369863918865383,0.14093865057233632,0.17632740536423172,51,2
51,527,Indianapolis,Tier 1,0.12232831783810119,0.9832826107493274,0.058631181122963574,0.821618272327065,0.11901524988244944,0.12292362672277309,0.11923379471492994,0.1752697233248892,52,34
52,635,Austin,Tier 1,0.09308054092607407,0.9890869245312268,0.1420771682760865,0.8560103726524166,0.09949571890335701,0.08731385230791264,0.09392154647480738,0.17479787056376772,53,35
53,508,Pittsburgh,Tier 1,0.11194680611699617,0.9826883263008515,0.07842492610382656,0.8210600104520905,0.10012918117452332,0.1257436956700822,0.11592099108525862,0.17389611723711398,54,36
54,533,Hartford & New Haven,Tier 1,0.10506228806638963,0.9877193316358613,0.07941383686776284,0.8428479884042722,0.0960924768640266,0.11576167622942111,0.10664081184014494,0.16999858144974536,55,37
55,535,"Columbus, Oh",Tier 1,0.10364256051963137,0.9842458723751715,0.08960229805873704,0.8271196485152745,0.10415659426260379,0.1018864887318044,0.10254634493492122,0.16931021096060275,56,38
56,563,Grand Rapids-Kalmzoo-B.Crk,Tier 2,0.11814708086644261,0.9830430785602733,0.03319041132022047,0.8228688103194044,0.1139993170951524,0.11872306882184984,0.11865264184870808,0.16747254990270097,57,14
57,588,South Bend-Elkhart,Tier 3,0.12423366979010209,0.9812135439443038,0.015634284007013752,0.8177639209665913,0.11746162476270051,0.1257400570592398,0.12007997187152551,0.16684527860643408,58,4
58,548,West Palm Beach-Ft. Pierce,Tier 1,0.1126510478431799,0.9820494556486365,0.011799555832101061,0.8382809609917327,0.07842455378074772,0.13779011735829866,0.11882643865426788,0.15966491370171912,59,39
59,616,Kansas City,Tier 1,0.10229744557065205,0.9851914711883027,0.04622326115236064,0.8285896176422914,0.09759765489546213,0.10258059013610442,0.09963878561857831,0.15868275117470518,60,40
60,515,Cincinnati,Tier 1,0.09582924011486486,0.9845787076066926,0.05585602910280752,0.8247218164521685,0.08798787628206425,0.09842849853160221,0.09345337209093606,0.15580154704060675,61,41
61,617,Milwaukee,Tier 1,0.09325952281428761,0.9843464276565195,0.05163456809647181,0.8318645525117643,0.08504853170480325,0.09694947599637536,0.09217080234784068,0.15373886308046356,62,42
62,661,San Angelo,Tier 5,0.09577900310742597,0.9794728876425589,0.008283332196024746,0.8045981138420624,0.09522175659187343,0.08696963972221972,0.09010128996085875,0.14356861179842811,63,3
63,557,Knoxville,Tier 2,0.08742315514830339,0.9799924591810407,0.019815927353869573,0.8217002055148448,0.07914263254177648,0.09432283560144927,0.08790750124329123,0.1432095595300036,64,15
64,790,Albuquerque-Santa Fe,Tier 2,0.08580247957178956,0.9799819865391376,0.02801818078635875,0.8273837141353845,0.07527748401660872,0.08919981707975573,0.08572522154869214,0.14287436805862505,65,16
65,866,Fresno-Visalia,Tier 2,0.08200832054953423,0.9814834470828421,0.044624958894723905,0.8444263255021918,0.08249045907598129,0.06971796690727103,0.07657502035196492,0.142771791056698,66,17
66,671,Tulsa,Tier 2,0.08420136068801971,0.9802568894767504,0.03218731106938552,0.8157570557152,0.07498481051049626,0.085452630089798,0.0826120836294179,0.14172640418098859,67,18
67,566,Harrisburg-Lncstr-Leb-York,Tier 2,0.08128717252428434,0.9849339907656438,0.030047991990836607,0.829665570282715,0.07021111316476622,0.08706526241515851,0.08062978640731593,0.14066237949860877,68,19
68,718,"Jackson, Ms",Tier 2,0.08787838034121088,0.9790367054436747,0.008720149532983204,0.815272073322512,0.08257076178400762,0.09200402168379192,0.08279844533161296,0.14012217364833626,69,20
69,509,Ft. Wayne,Tier 4,0.08339684573435803,0.9845507947302617,0.020140214576972137,0.8221598524995835,0.07439216325208711,0.08469376141250291,0.0801409168995748,0.1389283030923705,70,1
70,744,Honolulu,Tier 2,0.05660807195063875,0.990358462497235,0.07312624006602417,0.9358371519321156,0.05011652188398116,0.05913877865515197,0.05830122597491456,0.13760609825961834,71,21
71,559,Bluefield-Beckley-Oak Hill,Tier 5,0.08422577643583974,0.9786799560220965,0.0023030327826266002,0.8136105815754036,0.06876798722589648,0.0942440960628193,0.08650139428117704,0.13644509628771612,72,4
72,529,Louisville,Tier 2,0.07073125686768203,0.9824325791570993,0.04310621182782503,0.8231910427335384,0.06324999659874893,0.07461044304598884,0.06959379484163478,0.13574641045251903,73,22
73,632,Paducah-Cape Girard-Harsbg,Tier 3,0.08306679140650812,0.9787405365467811,0.0016552399493831391,0.8130998287382064,0.07455708244997589,0.08699249019831011,0.08292747309369929,0.1352618436834553,74,5
74,765,El Paso (Las Cruces),Tier 2,0.06723932303965942,0.9794932625207133,0.05466817175101488,0.8212058348522807,0.06441836781759472,0.06534275568591162,0.06468271524248666,0.135036850591694,75,23
75,518,Greensboro-H.Point-W.Salem,Tier 2,0.07283012771564457,0.9798876661250249,0.027435568196831163,0.8203342572974756,0.06726181370634493,0.0793287024975716,0.0705137775675416,0.1344107411045114,76,24
76,521,Providence-New Bedford,Tier 2,0.06469823802229874,0.986029288389261,0.04071109754015986,0.8528143857393691,0.06266000397531588,0.07042895146587988,0.06530557511854822,0.1340290803473164,77,25
77,740,North Platte,Tier 4,0.07832170325863093,0.9838049480891415,0.003217175334005519,0.822751677001889,0.07284417923166235,0.07627052285673451,0.07655918224696251,0.13208281717880407,78,2
78,549,Watertown,Tier 5,0.07198561591193561,0.9847930683626993,0.00823245673624782,0.8304074143298422,0.06580209629887472,0.0740944880285337,0.07467687626110911,0.13031336078108952,79,5
79,675,Peoria-Bloomington,Tier 3,0.07052585135765012,0.9845695498760608,0.011388490234159984,0.8226534161212563,0.06228470495557302,0.0728630365750251,0.0694210539097418,0.12868936261255906,80,6
80,622,New Orleans,Tier 2,0.07169298835541507,0.9805004442114141,0.0018225333213029169,0.8302634299612428,0.06825365169928162,0.07527339794147775,0.06936150263493274,0.12861996049376798,81,26
81,649,Evansville,Tier 3,0.0719610796916757,0.9804486286944213,0.007090053948665599,0.8155272271434835,0.060753976062492755,0.07615612493184883,0.07153797502436428,0.1282292940784225,82,7
82,789,Tucson (Sierra Vista),Tier 2,0.04825025627499779,0.9806774696644674,0.06615533513116549,0.829258493011836,0.04625070970006938,0.050236553368087404,0.048881249056312914,0.12572673793223224,83,27
83,619,"Springfield, Mo",Tier 3,0.06492813959511061,0.9798672252914374,0.008918862803074136,0.8189080813801569,0.05747085625582982,0.06788541694259466,0.06535805203978953,0.12434181913857405,84,8
84,686,Mobile-Pensacola (Ft Walt),Tier 2,0.05918839082592733,0.9811815913324582,0.021727340353880374,0.8244536938874951,0.053575179428437175,0.06206858810546849,0.05903928166802699,0.12346905018241525,85,28
85,687,Bismarck-Mnt-Dcknsn(Wlstn),Tier 4,0.061211765611551644,0.9835217671976816,0.004477112724693351,0.8371172999920977,0.06050377671599752,0.05765262444267398,0.06322888279063187,0.12201788647400325,86,3
86,532,Albany-Schenectady-Troy,Tier 2,0.05511204519194292,0.9852229686748522,0.02118941538508551,0.8329491666581867,0.04983280777091296,0.06107015329030846,0.05705064920392405,0.12195482329207002,87,29
87,693,Little Rock-Pine Bluff,Tier 2,0.05880673413631963,0.9792966298311512,0.015078624836035028,0.8152515860006462,0.0539461646663439,0.062008623798785405,0.057641093758413996,0.12138582585286599,88,30
88,612,Shreveport,Tier 3,0.05986367900905475,0.9783463121091869,0.003253336904487397,0.8129908776023175,0.05271872781928041,0.06219171869637598,0.057702440018456674,0.11882309504838379,89,9
89,652,Omaha,Tier 5,0.045814062595311275,0.9849697143966235,0.04598736740857393,0.8241642176758699,0.04163728594101998,0.044863198420435374,0.044272254913244144,0.11853184888633912,90,6
90,636,Harlingen-Wslco-Brnsvl-Mca,Tier 2,0.05456345385811182,0.9764324808221225,0.028608673682314054,0.8048175845650453,0.05351312733587138,0.04640465951771815,0.047003588914593546,0.11826737903025172,91,31
91,679,Des Moines-Ames,Tier 2,0.04702087518328376,0.9844686089155039,0.03325499999499425,0.8234988980010014,0.04442365717778455,0.046450506014332635,0.046670038423242736,0.11723467791709068,92,32
92,881,Spokane,Tier 2,0.0479686720254682,0.9814198583537985,0.0225149655244878,0.8397587311438564,0.04458127612948911,0.04869290910429918,0.048642516020243214,0.11651373465730715,93,33
93,752,Colorado Springs-Pueblo,Tier 3,0.040213339021774236,0.9842413791679807,0.04671149968711529,0.8461877489923442,0.03795232076485343,0.038718312429756624,0.04131633658296052,0.11629929136931598,94,10
94,542,Dayton,Tier 3,0.048050593284601165,0.9818724546276976,0.025778271396062258,0.8164920849885512,0.0430591748000811,0.051314455444045885,0.04710600866027582,0.11617849334825563,95,11
95,541,Lexington,Tier 2,0.0521179838005529,0.979352302043329,0.009790778447996263,0.8182443264948932,0.05047921138758765,0.053802537538092624,0.05175238073115028,0.1161238604868979,96,34
96,669,Madison,Tier 2,0.04034031697343033,0.9853449307705145,0.04299738204564541,0.8370775792121858,0.04047190118652228,0.04028247845869609,0.04145507838278166,0.11596894341746745,97,35
97,546,"Columbia, Sc",Tier 2,0.0444103578830599,0.9803310027984803,0.023077596892831117,0.8182952400564519,0.04467551567113983,0.0460569538656165,0.04330486345969678,0.1136975797994866,98,36
98,513,Flint-Saginaw-Bay City,Tier 3,0.045151183073493695,0.979559805333297,0.012986436143118096,0.8113923130785693,0.03974021742124113,0.04932107888013455,0.045332352074738964,0.11141726030107497,99,12
99,828,Monterey-Salinas,Tier 3,0.03042764383094167,0.9898323330737103,0.033324764336897676,0.9354818313359776,0.030757928150313397,0.028492651607087083,0.03060808820346263,0.1110247874120889,100,13
100,519,"Charleston, Sc",Tier 2,0.03660567133648632,0.9835053317846663,0.02956688715857444,0.8434069466980915,0.03535940605197045,0.03864990654591913,0.036201895715581425,0.11066075502744589,101,37
101,547,Toledo,Tier 3,0.04198962483316073,0.9809728867884953,0.019447429451828858,0.8150412454869544,0.03858478754790371,0.044010744672273235,0.04170025224821901,0.11064003354961402,102,14
102,500,Portland-Auburn,Tier 3,0.04008877051891616,0.9841106008805576,0.01760307805165397,0.8377081261006016,0.03255677517597741,0.04674203151502732,0.041444202884013334,0.11038465663997304,103,15
103,555,Syracuse,Tier 3,0.036195261891222144,0.9829326279767349,0.028937876203512892,0.818386918568234,0.037690839219709865,0.03747638177702185,0.036907008150288835,0.10964200956728716,104,16
104,676,Duluth-Superior,Tier 4,0.04516937441191881,0.9861610469094096,0.0016474262440746962,0.832990464613985,0.03546625510975754,0.04810447295886303,0.04639625038143436,0.10945744540827437,105,4
105,564,Charleston-Huntington,Tier 3,0.04408745158664412,0.977516408062189,0.004756302958912782,0.8092791526211448,0.03505279571223358,0.04948583517907933,0.04425103185254091,0.10834608104335496,106,17
106,757,Boise,Tier 3,0.03326480994810008,0.9835246469665828,0.03297897894130959,0.8441773627333953,0.02997348351488271,0.03229325340421153,0.03273820773892046,0.1080945753413509,107,18
107,724,Fargo,Tier 3,0.03959049650748389,0.9835134433438959,0.007773535281550261,0.8293351506247847,0.03801437285741922,0.03832446919217309,0.04050320827213666,0.10717146636962643,108,19
108,811,Reno,Tier 3,0.028990327307957798,0.9844503990960575,0.032569623681826934,0.861529872017646,0.025127115536682575,0.02932225487915882,0.030952408606215082,0.106292666118765,109,20
109,648,Champaign&Sprngfld-Decatur,Tier 3,0.03771867605125557,0.9812268462486229,0.010031309815209397,0.8138101524526591,0.03766860665178522,0.03894783600169647,0.03789794558660645,0.10616462708592314,110,21
110,637,Cedar Rapids-Wtrlo-Iwc&Dub,Tier 2,0.03607868472687754,0.983460701965561,0.012564431642680793,0.8234966209075413,0.03603235601840591,0.03590493852639754,0.03621150416594956,0.10578516713296034,111,38
111,670,Ft. Smith-Fay-Sprngdl-Rgrs,Tier 2,0.03512723355401609,0.9809992259946861,0.016607773832410796,0.8208599707696671,0.034117700541910545,0.03374229378609684,0.03413502301276657,0.10516472829093206,112,39
112,523,Burlington-Plattsburgh,Tier 4,0.03534657370959661,0.9838676347110001,0.007197224982273499,0.8347198897634192,0.031863251788477355,0.03881626383363457,0.037790985584156826,0.10505220244672364,113,5
113,543,Springfield-Holyoke,Tier 4,0.027650472988854174,0.9831229865950502,0.027711661531920555,0.8393918424164165,0.029741534783848007,0.029666030831550658,0.027568122329299543,0.10440392739681023,114,6
114,570,Myrtle Beach-Florence,Tier 2,0.03187198791291979,0.977601879064446,0.013688732891063466,0.8161975089167847,0.027348381352914806,0.036206652137451,0.031044164027862396,0.10234554526574532,115,40
115,573,Roanoke-Lynchburg,Tier 2,0.03341752884441511,0.9812749064077095,0.004597393500829754,0.8240600272205645,0.027545156170516494,0.038157384182289165,0.03486917197331174,0.1022238096829619,116,41
116,545,Greenville-N.Bern-Washngtn,Tier 3,0.032451701293725425,0.9789445424939752,0.008650222361815686,0.8179374036105153,0.03236000035837572,0.03185167159237545,0.033462220312264083,0.10201967382046247,117,22
117,530,Tallahassee-Thomasville,Tier 3,0.029925835961272292,0.9789868972619873,0.01208056293035669,0.8210425762899457,0.03472362097520006,0.02893656212986231,0.030223644601370735,0.10179598603842176,118,23
118,722,Lincoln & Hastings-Krny,Tier 3,0.029391380060389626,0.9824667555385294,0.015295130459079067,0.8207810380861456,0.028209810402651716,0.028661919783476455,0.029386547958309882,0.101131727683678,119,24
119,801,Eugene,Tier 3,0.02546470135424275,0.980964265288828,0.018618778342270857,0.8483512281113629,0.02577152817712521,0.027302534772748376,0.026778645588612614,0.1011287142964331,120,25
120,810,Yakima-Pasco-Rchlnd-Knnwck,Tier 3,0.02938262572975679,0.983293958329264,0.012624971810157579,0.836692404034606,0.02782787479546867,0.026297113824770905,0.028245993223402804,0.10063872547583765,121,26
121,551,Lansing,Tier 3,0.027046263545268588,0.9821883011425476,0.016846094432897574,0.819082425247691,0.028938507703584786,0.026908109357430057,0.027614580770639954,0.10046193986673584,122,27
122,709,Tyler-Longview(Lfkn&Ncgd),Tier 3,0.030285807611697732,0.9804282649644993,0.009166964134921402,0.81701599586264,0.02775321318676651,0.03069488443335331,0.029394361423444405,0.10007650887814917,123,28
123,531,"Tri-Cities, Tn-Va",Tier 3,0.030413146980673534,0.9773664474395687,0.0059110548787992,0.814319565525661,0.024243453919021024,0.03497505513950871,0.031711476185297384,0.09966911404740823,124,29
124,574,Johnstown-Altoona-St Colge,Tier 3,0.029361221792934305,0.9802806142434016,0.007061577163667251,0.8173735847599579,0.02585913113133574,0.03147296497589639,0.03203816349781382,0.09966086287497328,125,30
125,682,Davenport-R.Island-Moline,Tier 3,0.030012576118001313,0.9817109201390865,0.0077491362354028545,0.8139460710295012,0.024235821843464803,0.032459465147493274,0.030004867577604073,0.09942311604643365,126,31
126,503,Macon,Tier 3,0.026551804494433194,0.9788808491454314,0.00622166687258132,0.8128898845431136,0.02487791167830337,0.027303553583784255,0.026418170318757702,0.09691237421471198,127,32
127,536,Youngstown,Tier 3,0.025325033638917034,0.9787732687476933,0.010558344307119896,0.8097074728174322,0.01971365116171804,0.02906696994245464,0.02582413579380054,0.09672306751339846,128,33
128,698,Montgomery-Selma,Tier 3,0.0246376580543195,0.9788274041837546,0.009427738981458138,0.8130177671529548,0.02397035834585713,0.02648224634443323,0.02332477723705314,0.09643539900902692,129,34
129,522,"Columbus, Ga (Opelika, Al)",Tier 3,0.023339366726981867,0.9788533505384023,0.008686529453160336,0.8179117085734355,0.024512235710348794,0.02273753360984835,0.023196488586533597,0.09563947844257738,130,35
130,550,Wilmington,Tier 3,0.020461199822777013,0.9808632878039167,0.013630806267871236,0.83418652677336,0.017880957540109047,0.023937256376811045,0.02083587182960733,0.0955687375174511,131,36
131,868,Chico-Redding,Tier 4,0.02032992502076443,0.9807662453185979,0.010984757219943532,0.8484894592854488,0.01907521144997158,0.021232167532122384,0.020562717311999053,0.09530054147244388,132,7
132,603,Joplin-Pittsburg,Tier 5,0.025109829703773134,0.9786773547626669,0.003828129767847754,0.8100233462841829,0.021634279566909578,0.026092623895426905,0.024480536552762534,0.09490398085605643,133,7
133,702,La Crosse-Eau Claire,Tier 4,0.022122032879257986,0.982356874864849,0.00576835555408452,0.8236198216100127,0.02142688620940358,0.022007191641557827,0.022682489285521964,0.0944268795555091,134,8
134,576,Salisbury,Tier 4,0.01739401166036683,0.9831945082856993,0.014465754373072308,0.8394683440981267,0.014282599830036994,0.020352496974858945,0.01761968064045073,0.09368955568953678,135,9
135,651,Lubbock,Tier 3,0.018521593540364152,0.9800882719870974,0.01541061291250571,0.8143422465246627,0.020978252898446608,0.01598194317537784,0.018114146278626054,0.09335877191632803,136,37
136,600,Corpus Christi,Tier 4,0.023714839164674626,0.9804778489502158,0.018211673445955392,0.7125798682769351,0.022447261528333085,0.022483704117481136,0.023476295108242888,0.09274302522717023,137,10
137,604,Columbia-Jefferson City,Tier 4,0.018951198261052616,0.9813035785307137,0.007610626516035301,0.8226188180993732,0.02034678160351235,0.018448630237671147,0.01919705031132435,0.09274114632851961,138,11
138,634,Amarillo,Tier 4,0.021464936034555675,0.9805291683476263,0.005765411810669875,0.812218411269934,0.019907107685599633,0.019373856202681686,0.021184838076493823,0.09273916908937295,139,12
139,692,Beaumont-Port Arthur,Tier 4,0.018277917951923548,0.9804202215448453,0.01566419464117898,0.8116326905130276,0.01577218188098807,0.01809684934142599,0.018383499651033752,0.09273861065169929,140,13
140,813,Medford-Klamath Falls,Tier 4,0.0175809045721339,0.9800625306631373,0.009360380199755627,0.8464652465649938,0.013470613356729515,0.020283363368852968,0.017940666235166294,0.09273134259857843,141,14
141,610,Rockford,Tier 4,0.018336788817555374,0.9818757723500633,0.014202499825313892,0.813823943123134,0.015128764728661462,0.01962361045090539,0.018041924519815053,0.09271788904276952,142,15
142,592,Gainesville,Tier 4,0.013415931379862012,0.9787519033020762,0.01907577999630892,0.8268088730384116,0.018199513737238257,0.012566306405381419,0.01392486191812122,0.09186868304410294,143,16
143,605,Topeka,Tier 4,0.01817411086620849,0.9815110449036327,0.008009379071334071,0.8179586586930564,0.018802115876807683,0.017255748059092205,0.018162505292566754,0.09182396275861066,144,17
144,673,Columbus-Tupelo-West Point,Tier 4,0.019339039202575254,0.9777422732852938,0.0025495215976751857,0.810933780149974,0.018641178631383027,0.020137236757421382,0.01852741523182234,0.09100555165018481,145,18
145,705,Wausau-Rhinelander,Tier 4,0.01752279669862145,0.9818922725270383,0.006596317516530527,0.8208355657230642,0.013374051009474723,0.01941126112214176,0.018379381743733124,0.09098700139529832,146,19
146,516,Erie,Tier 4,0.0155248817552963,0.9801720285280914,0.013074610065982189,0.8146041317314421,0.013816047732991504,0.016744159374647963,0.015702319648858654,0.09078966893939419,147,20
147,771,Yuma-El Centro,Tier 3,0.015361240024430204,0.978556569401302,0.012952714892501794,0.8240201585699093,0.01401547718556927,0.013553679843580487,0.015221474780985404,0.09045743713794371,148,38
148,628,Monroe-El Dorado,Tier 4,0.01831932031376967,0.9765416964327166,0.0028165429879939505,0.8111785515462708,0.017162878779080282,0.01861164000341156,0.017885338455024533,0.09017932248585253,149,21
149,656,Panama City,Tier 4,0.015372925851100642,0.9803004398450877,0.008513953685525901,0.825269143328849,0.011633937782656405,0.016303014196112974,0.016819222813628795,0.08997725805800924,150,22
150,746,Biloxi-Gulfport,Tier 4,0.014349753419017884,0.9795024950500869,0.01270970707749119,0.8193462022794885,0.013293084642704381,0.014688780881981804,0.013924967505487903,0.08993148019692035,151,23
151,758,Idaho Fals-Pocatllo(Jcksn),Tier 4,0.015559055770748337,0.9820028734771873,0.005127694600568989,0.8390727807052403,0.015544878761161495,0.013420070053446828,0.014728381778576957,0.08986475753541433,152,24
152,611,Rochestr-Mason City-Austin,Tier 4,0.014676474676030535,0.9851332917356842,0.008950840493090848,0.8248488118995263,0.01218776100454042,0.015413301072924457,0.014356397485753623,0.08969186607306157,153,25
153,627,Wichita Falls & Lawton,Tier 5,0.01649291796738418,0.9797705072020606,0.005516150658472022,0.8096147562486143,0.0153271986931232,0.01590247591457939,0.016922064908777793,0.08947815322328656,154,8
154,716,Baton Rouge,Tier 3,0.01661150300572714,0.9834108391418142,3.089370094854914e-05,0.8234856005946434,0.01477802108244732,0.01676569995083509,0.01600461627967137,0.08905193461832069,155,39
155,821,"Bend, Or",Tier 4,0.007299144031267257,0.9854899882571174,0.018480643901333634,0.8756962575181655,0.006043276523038747,0.008207978338330845,0.007485616360973643,0.08902743400629556,156,26
156,762,Missoula,Tier 4,0.01222164792563927,0.9811214395515496,0.006634720562008801,0.8527178810062307,0.010914199874767595,0.013091721811026854,0.012688750616366252,0.08888816169240113,157,27
157,525,"Albany, Ga",Tier 4,0.01604327466419211,0.9769298465283704,0.0026114599779603004,0.8081905046511277,0.014580914435473621,0.016475047716742585,0.015350502543071725,0.08834449345699648,158,28
158,502,Binghamton,Tier 5,0.012958417210596387,0.9803991567760776,0.00940827756010725,0.8123486113303217,0.011787906611268857,0.014154487265880863,0.013454259024816197,0.08826826929437527,159,9
159,537,Bangor,Tier 5,0.013455968387389251,0.9798716827719063,0.006284540370651804,0.8199807110408608,0.010887985354378836,0.015683577086299406,0.01414976300915548,0.08825079587338107,160,10
160,749,Laredo,Tier 4,0.011208113288748626,0.9791523041677365,0.017448475403270054,0.8151650029990445,0.011467027608535579,0.009038600421438463,0.009442255852971704,0.08807290576689886,161,29
161,756,Billings,Tier 4,0.011205864469870467,0.9825274419243513,0.008316350472275568,0.83809971454646,0.009269653507088041,0.01194293959585804,0.011102511606691281,0.0877117685635426,162,30
162,581,Terre Haute,Tier 5,0.014638847117301325,0.9798551276829437,0.0030732602458513752,0.8080825960748483,0.01269512811434309,0.015017856846570261,0.01512887466040463,0.08764353828138971,163,11
163,657,Sherman-Ada,Tier 4,0.013679605393326253,0.9798760390968175,0.004451162366866723,0.8142046958122181,0.011952162150413607,0.014317205942753881,0.01319525321434341,0.08746293002079307,164,31
164,584,Charlottesville,Tier 4,0.007836692058107391,0.9887742942650387,0.011203255213369076,0.858551372393499,0.0073543343718486575,0.008766723419292848,0.007656245545532968,0.08737817521377995,165,32
165,766,Helena,Tier 5,0.012456970758246711,0.9812355388310441,0.0,0.839131112792625,0.009389112081011494,0.013759479672827757,0.012743972809141331,0.08682193630936975,166,12
166,737,Mankato,Tier 5,0.01213683532794867,0.9859290326018474,0.0014495297477061537,0.8315294308768288,0.011631614977052339,0.011575003267472538,0.011916590203815294,0.08680938616972098,167,13
167,582,"Lafayette, In",Tier 5,0.007710677885970506,0.9799702924003668,0.015967165184864067,0.821183734912778,0.011065514068403969,0.006012586100448364,0.008202554580749522,0.08657773543838979,168,14
168,662,Abilene-Sweetwater,Tier 4,0.012182815642511046,0.9798010919870846,0.005326735445697661,0.809696545247503,0.011427208083894427,0.01167761209322878,0.01246765067053257,0.08646576517213686,169,33
169,554,Wheeling-Steubenville,Tier 5,0.012642859733014601,0.9788357646733638,0.003172914729815487,0.8087561561040896,0.009505584190586861,0.014591993833573434,0.013271909642555087,0.08633098638513322,170,15
170,754,Butte-Bozeman,Tier 5,0.007323077889327672,0.9834295092841108,0.0076792082521079585,0.8562201651464687,0.007699436918738637,0.006931990288111028,0.00810573096550144,0.08601433423678778,171,16
171,764,Rapid City,Tier 5,0.010409340854722246,0.981147608738001,0.004660372579491661,0.829455989237809,0.008763945544145417,0.01069664261011237,0.0105190358184024,0.0859563207419771,172,17
172,710,Hattiesburg-Laurel,Tier 4,0.011587440844518229,0.9775444371053678,0.0030634937836995497,0.8112891823385902,0.011733818423631293,0.011713852657219281,0.010857337741253933,0.08568150623262158,173,34
173,773,Grand Junction-Montrose,Tier 4,0.007439414108792477,0.9814813341737914,0.008879281965596505,0.841515832218545,0.006372119430700256,0.008063016082368835,0.0074735794011718095,0.08542919112490889,174,35
174,725,Sioux Falls(Mitchell),Tier 3,0.06201499552585438,0.9828329163213133,0.008316366959902684,0.0,0.0551115494208416,0.06005803729838094,0.06142608409189058,0.08536175329170662,175,40
175,606,Dothan,Tier 4,0.010062982590005664,0.9789523807037563,0.004944819803162793,0.8152741332918392,0.008588739635724351,0.010983219600061362,0.00965860436730466,0.08512605640374585,176,36
176,802,Eureka,Tier 5,0.006176501521305893,0.9791262913598789,0.007374239509258752,0.8578731015209877,0.006365814672632074,0.006235996806172947,0.006540398254429655,0.08501822147533875,177,18
177,736,Bowling Green,Tier 4,0.008783324333372781,0.9790343342682388,0.006958306118136094,0.8188906388857464,0.00924509813355933,0.008597309698469776,0.008602836287843831,0.084983036727476,178,37
178,598,Clarksburg-Weston,Tier 5,0.010357136130764963,0.9786719398132218,0.002659263581208415,0.8111672674100897,0.008522373761322432,0.011416505379176725,0.010810984887280207,0.08475581643206474,179,19
179,569,Harrisonburg,Tier 5,0.006179192072463691,0.9838827470894353,0.010479218937826633,0.8345290294365243,0.004830108338971667,0.006887453691399809,0.006380855743372017,0.08465273568702586,180,20
180,639,"Jackson, Tn",Tier 4,0.009467808579412682,0.9781870659531334,0.004726780441826961,0.8125256335955282,0.008624909037273396,0.010335255781243224,0.009049259674178503,0.08461041487895869,181,38
181,565,Elmira (Corning),Tier 5,0.00917903614096898,0.9807743616488303,0.0052069171630708426,0.811152916015474,0.007241180555993386,0.010157691572133132,0.009383232514996046,0.08446756472033053,182,21
182,734,Jonesboro,Tier 4,0.008459735359797568,0.9782506028713092,0.004568897494819705,0.8130855010981578,0.008118537415586755,0.008567909722863023,0.008117451163203225,0.08385562234363238,183,39
183,760,Twin Falls,Tier 5,0.007561693635292417,0.9807852468763236,0.0037941731993586018,0.8324709643310719,0.006562589490233764,0.007029796147555276,0.007081955858145485,0.08376114537518209,184,22
184,558,Lima,Tier 5,0.00692182434949601,0.9820732922345394,0.008542442031381664,0.8152757164947197,0.005548187100000431,0.007173885136915104,0.006866874392212721,0.08372878099246664,185,23
185,759,Cheyenne-Scottsbluff,Tier 5,0.005749828296655031,0.9838134555533863,0.006455102049222312,0.8322717002020804,0.005058075117542259,0.005780442728701974,0.005784709471081204,0.0833852919068817,186,24
186,553,Marquette,Tier 5,0.00812526370915126,0.9791276578689798,0.0020671605787646805,0.8133223810084574,0.006752727720395262,0.00879699666150178,0.008946523166396186,0.08323677549789846,187,25
187,767,Casper-Riverton,Tier 5,0.005466115700687187,0.9827773731258624,0.004956864531535444,0.8325982348977432,0.004722927451812568,0.005464902396447318,0.005383899827153481,0.08281280866229858,188,26
188,755,Great Falls,Tier 5,0.006346608606446698,0.9792998067470615,0.003030834967206517,0.8215915088143131,0.005422423768008795,0.0064027907271894755,0.006289839433291485,0.08238786986369163,189,27
189,638,St. Joseph,Tier 5,0.0060473952232115375,0.9794332757376872,0.005816150005972124,0.8113493984751113,0.005089267078511161,0.006186511698716036,0.006175171553074018,0.08234467358012755,190,28
190,526,Utica,Tier 5,0.005968445617596141,0.9817749657985145,0.003116988509975246,0.8158953050223736,0.005462906951393965,0.00669839147202767,0.006340626956665889,0.08225619733672385,191,29
191,597,Parkersburg,Tier 5,0.005705373966331407,0.9794219915162562,0.00512801150248233,0.8149439957101327,0.004446513584928575,0.0065713311814103665,0.005762324949344461,0.08218612316053049,192,30
192,711,Meridian,Tier 5,0.006699351910478055,0.9760079325489485,0.002540331103509633,0.805144378599886,0.006182976688654787,0.007190331657922842,0.006293218229025334,0.08177684701367961,193,31
193,647,Greenwood-Greenville,Tier 5,0.006658190493511736,0.973920565865121,0.001172487600093466,0.8047583471539735,0.006149461922081817,0.006840879472616834,0.006310851319261354,0.0813131472811123,194,32
194,626,Victoria,Tier 5,0.0032952424911435693,0.9822463547301538,0.00703924600526357,0.8199260270426151,0.0031414286648148377,0.0032472418602092286,0.003066362715833776,0.08120694798262276,195,33
195,596,Zanesville,Tier 5,0.003053855879061091,0.9787975966536295,0.005842792482323146,0.8136742880087653,0.0027097186518303543,0.0033089527000966707,0.002927515328645958,0.08040470333638937,196,34
196,631,Ottumwa-Kirksville,Tier 5,0.004635418070086931,0.9784037376686656,0.0011134309474242722,0.8081038850638147,0.004585550091800596,0.004680854532122676,0.0046233540249376245,0.0803151835972536,197,35
197,552,Presque Isle,Tier 5,0.0023068464367123538,0.9773155636560922,0.00390206836421945,0.8080595186123266,0.0015788441520216538,0.0028647510884540475,0.002400845543632395,0.07918415840542853,198,36
198,583,Alpena,Tier 5,0.001158181879732283,0.9769936061591018,0.0011035772372592605,0.8094738212586744,0.0006865549706878524,0.0015282165538163645,0.0012387509859220366,0.07785190544108855,199,37
199,798,Glendive,Tier 5,0.0,0.9795274687144212,0.00027165415029481346,0.8184595902713143,0.0,0.0,0.0,0.07736875198454576,200,38
200,633,Odessa-Midland,Tier 2,0.01943232502853892,0.0,0.021333730893067674,0.7858345096075714,0.01896769873344047,0.016098087633467883,0.019004142192394963,0.05190720603301103,201,42
